                            OLS Regression Results                            
==============================================================================
Dep. Variable:           trendingFeed   R-squared:                       0.003
Model:                            OLS   Adj. R-squared:                  0.003
Method:                 Least Squares   F-statistic:                     11.02
Date:                Mon, 21 Oct 2024   Prob (F-statistic):               0.00
Time:                        14:24:58   Log-Likelihood:            -9.5446e+05
No. Observations:             1359303   AIC:                         1.910e+06
Df Residuals:                 1358921   BIC:                         1.914e+06
Df Model:                         381                                         
Covariance Type:            nonrobust                                         
===================================================================================================
                                      coef    std err          t      P>|t|      [0.025      0.975]
---------------------------------------------------------------------------------------------------
const                            5.618e+07   2.19e+08      0.256      0.798   -3.74e+08    4.86e+08
city_agra                       -9.066e+05   3.48e+06     -0.260      0.795   -7.73e+06    5.92e+06
city_ahmedabad                   1.869e+08    2.7e+08      0.692      0.489   -3.42e+08    7.16e+08
city_ahmednagar                 -5.618e+07   2.19e+08     -0.256      0.798   -4.86e+08    3.74e+08
city_ajmer                       3.774e+08   2.26e+08      1.672      0.094   -6.49e+07     8.2e+08
city_akola                      -5.618e+07   2.19e+08     -0.256      0.798   -4.86e+08    3.74e+08
city_alappuzha                  -2.218e+09   1.13e+09     -1.970      0.049   -4.42e+09   -1.09e+07
city_aligarh                    -9.066e+05   3.48e+06     -0.260      0.795   -7.73e+06    5.92e+06
city_alwar                       3.774e+08   2.26e+08      1.672      0.094   -6.49e+07     8.2e+08
city_ambala                      6.004e+08   2.43e+08      2.473      0.013    1.24e+08    1.08e+09
city_amethi                     -9.066e+05   3.48e+06     -0.260      0.795   -7.73e+06    5.92e+06
city_amravati                   -5.618e+07   2.19e+08     -0.256      0.798   -4.86e+08    3.74e+08
city_amreli                      1.869e+08    2.7e+08      0.692      0.489   -3.42e+08    7.16e+08
city_amritsar                    4.798e+07    2.4e+08      0.200      0.842   -4.23e+08    5.19e+08
city_amroha                     -9.066e+05   3.48e+06     -0.260      0.795   -7.73e+06    5.92e+06
city_anand                       1.869e+08    2.7e+08      0.692      0.489   -3.42e+08    7.16e+08
city_araria                     -5.618e+07   2.19e+08     -0.256      0.798   -4.86e+08    3.74e+08
city_ariyalur                     -8.2e+08   1.18e+09     -0.695      0.487   -3.13e+09    1.49e+09
city_arwal                      -5.618e+07   2.19e+08     -0.256      0.798   -4.86e+08    3.74e+08
city_auraiya                    -9.066e+05   3.48e+06     -0.260      0.795   -7.73e+06    5.92e+06
city_aurangabad                 -5.618e+07   2.19e+08     -0.256      0.798   -4.86e+08    3.74e+08
city_badaun                     -9.066e+05   3.48e+06     -0.260      0.795   -7.73e+06    5.92e+06
city_bagalkot                   -2.177e+08   3.59e+08     -0.606      0.544   -9.22e+08    4.86e+08
city_bagpat                     -9.066e+05   3.48e+06     -0.260      0.795   -7.73e+06    5.92e+06
city_bahraich                   -9.066e+05   3.48e+06     -0.260      0.795   -7.73e+06    5.92e+06
city_balrampur                  -9.066e+05   3.48e+06     -0.260      0.795   -7.73e+06    5.92e+06
city_banda                      -9.066e+05   3.48e+06     -0.260      0.795   -7.73e+06    5.92e+06
city_bangalore_rural            -2.177e+08   3.59e+08     -0.606      0.544   -9.22e+08    4.86e+08
city_bangalore_urban            -2.177e+08   3.59e+08     -0.606      0.544   -9.22e+08    4.86e+08
city_banka                      -5.618e+07   2.19e+08     -0.256      0.798   -4.86e+08    3.74e+08
city_bankura                     7.988e+08   4.17e+09      0.192      0.848   -7.37e+09    8.97e+09
city_banswara                    3.774e+08   2.26e+08      1.672      0.094   -6.49e+07     8.2e+08
city_barabanki                  -9.066e+05   3.48e+06     -0.260      0.795   -7.73e+06    5.92e+06
city_baran                       3.774e+08   2.26e+08      1.672      0.094   -6.49e+07     8.2e+08
city_bardhaman                   7.988e+08   4.17e+09      0.192      0.848   -7.37e+09    8.97e+09
city_bareilly                   -9.066e+05   3.48e+06     -0.260      0.795   -7.73e+06    5.92e+06
city_barmer                      3.774e+08   2.26e+08      1.672      0.094   -6.49e+07     8.2e+08
city_barnala                     4.798e+07    2.4e+08      0.200      0.842   -4.23e+08    5.19e+08
city_bastar                      8.992e+08   4.55e+08      1.975      0.048    6.86e+06    1.79e+09
city_basti                      -9.066e+05   3.48e+06     -0.260      0.795   -7.73e+06    5.92e+06
city_bathinda                    4.798e+07    2.4e+08      0.200      0.842   -4.23e+08    5.19e+08
city_beed                       -5.618e+07   2.19e+08     -0.256      0.798   -4.86e+08    3.74e+08
city_begusarai                  -5.618e+07   2.19e+08     -0.256      0.798   -4.86e+08    3.74e+08
city_belagavi                   -2.177e+08   3.59e+08     -0.606      0.544   -9.22e+08    4.86e+08
city_bellary                    -2.177e+08   3.59e+08     -0.606      0.544   -9.22e+08    4.86e+08
city_bhagalpur                  -5.618e+07   2.19e+08     -0.256      0.798   -4.86e+08    3.74e+08
city_bharuch                     1.869e+08    2.7e+08      0.692      0.489   -3.42e+08    7.16e+08
city_bhavnagar                   1.869e+08    2.7e+08      0.692      0.489   -3.42e+08    7.16e+08
city_bhilwara                    3.774e+08   2.26e+08      1.672      0.094   -6.49e+07     8.2e+08
city_bhiwani                     6.004e+08   2.43e+08      2.473      0.013    1.24e+08    1.08e+09
city_bhojpur                    -5.618e+07   2.19e+08     -0.256      0.798   -4.86e+08    3.74e+08
city_bidar                      -2.177e+08   3.59e+08     -0.606      0.544   -9.22e+08    4.86e+08
city_bijapur                    -2.177e+08   3.59e+08     -0.606      0.544   -9.22e+08    4.86e+08
city_bijnor                     -9.066e+05   3.48e+06     -0.260      0.795   -7.73e+06    5.92e+06
city_bikaner                     3.774e+08   2.26e+08      1.672      0.094   -6.49e+07     8.2e+08
city_bilaspur                    8.992e+08   4.55e+08      1.975      0.048    6.86e+06    1.79e+09
city_birbhum                     7.988e+08   4.17e+09      0.192      0.848   -7.37e+09    8.97e+09
city_bokaro                      8.992e+08   4.55e+08      1.975      0.048    6.86e+06    1.79e+09
city_bulandshahar               -9.066e+05   3.48e+06     -0.260      0.795   -7.73e+06    5.92e+06
city_bundi                       3.774e+08   2.26e+08      1.672      0.094   -6.49e+07     8.2e+08
city_buxar                      -5.618e+07   2.19e+08     -0.256      0.798   -4.86e+08    3.74e+08
city_central_delhi               8.765e+06   4.38e+08      0.020      0.984    -8.5e+08    8.67e+08
city_chamarajanagar             -2.177e+08   3.59e+08     -0.606      0.544   -9.22e+08    4.86e+08
city_chamba                     -3.262e+08   5.95e+08     -0.548      0.583   -1.49e+09     8.4e+08
city_chamoli                     -6.94e+09   1.06e+10     -0.652      0.515   -2.78e+10    1.39e+10
city_chandauli                  -9.066e+05   3.48e+06     -0.260      0.795   -7.73e+06    5.92e+06
city_chandrapur                 -5.618e+07   2.19e+08     -0.256      0.798   -4.86e+08    3.74e+08
city_chatra                      8.992e+08   4.55e+08      1.975      0.048    6.86e+06    1.79e+09
city_chennai                      -8.2e+08   1.18e+09     -0.695      0.487   -3.13e+09    1.49e+09
city_chikballapur               -2.177e+08   3.59e+08     -0.606      0.544   -9.22e+08    4.86e+08
city_chitradurga                -2.177e+08   3.59e+08     -0.606      0.544   -9.22e+08    4.86e+08
city_chitrakoot                 -9.066e+05   3.48e+06     -0.260      0.795   -7.73e+06    5.92e+06
city_chittaurgarh                3.774e+08   2.26e+08      1.672      0.094   -6.49e+07     8.2e+08
city_churu                       3.774e+08   2.26e+08      1.672      0.094   -6.49e+07     8.2e+08
city_coimbatore                   -8.2e+08   1.18e+09     -0.695      0.487   -3.13e+09    1.49e+09
city_cuddalore                    -8.2e+08   1.18e+09     -0.695      0.487   -3.13e+09    1.49e+09
city_dahod                       1.869e+08    2.7e+08      0.692      0.489   -3.42e+08    7.16e+08
city_dakshin_dinajpur            7.988e+08   4.17e+09      0.192      0.848   -7.37e+09    8.97e+09
city_dakshina_kannada           -2.177e+08   3.59e+08     -0.606      0.544   -9.22e+08    4.86e+08
city_dantewada                   8.992e+08   4.55e+08      1.975      0.048    6.86e+06    1.79e+09
city_darbhanga                  -5.618e+07   2.19e+08     -0.256      0.798   -4.86e+08    3.74e+08
city_darjeeling                  7.988e+08   4.17e+09      0.192      0.848   -7.37e+09    8.97e+09
city_davanagere                 -2.177e+08   3.59e+08     -0.606      0.544   -9.22e+08    4.86e+08
city_deoghar                     8.992e+08   4.55e+08      1.975      0.048    6.86e+06    1.79e+09
city_deoria                     -9.066e+05   3.48e+06     -0.260      0.795   -7.73e+06    5.92e+06
city_dhamtari                    8.992e+08   4.55e+08      1.975      0.048    6.86e+06    1.79e+09
city_dharmapuri                   -8.2e+08   1.18e+09     -0.695      0.487   -3.13e+09    1.49e+09
city_dharwad                    -2.177e+08   3.59e+08     -0.606      0.544   -9.22e+08    4.86e+08
city_dhaulpur                    3.774e+08   2.26e+08      1.672      0.094   -6.49e+07     8.2e+08
city_dhule                      -5.618e+07   2.19e+08     -0.256      0.798   -4.86e+08    3.74e+08
city_dindigul                     -8.2e+08   1.18e+09     -0.695      0.487   -3.13e+09    1.49e+09
city_dumka                       8.992e+08   4.55e+08      1.975      0.048    6.86e+06    1.79e+09
city_dungarpur                   3.774e+08   2.26e+08      1.672      0.094   -6.49e+07     8.2e+08
city_durg                        8.992e+08   4.55e+08      1.975      0.048    6.86e+06    1.79e+09
city_east_delhi                  8.765e+06   4.38e+08      0.020      0.984    -8.5e+08    8.67e+08
city_east_singhbhum              8.992e+08   4.55e+08      1.975      0.048    6.86e+06    1.79e+09
city_ernakulam                  -2.218e+09   1.13e+09     -1.970      0.049   -4.42e+09   -1.09e+07
city_erode                        -8.2e+08   1.18e+09     -0.695      0.487   -3.13e+09    1.49e+09
city_etah                       -9.066e+05   3.48e+06     -0.260      0.795   -7.73e+06    5.92e+06
city_etawah                     -9.066e+05   3.48e+06     -0.260      0.795   -7.73e+06    5.92e+06
city_faizabad                   -9.066e+05   3.48e+06     -0.260      0.795   -7.73e+06    5.92e+06
city_faridabad                   6.004e+08   2.43e+08      2.473      0.013    1.24e+08    1.08e+09
city_faridkot                    4.798e+07    2.4e+08      0.200      0.842   -4.23e+08    5.19e+08
city_farrukhabad                -9.066e+05   3.48e+06     -0.260      0.795   -7.73e+06    5.92e+06
city_fatehabad                   6.004e+08   2.43e+08      2.473      0.013    1.24e+08    1.08e+09
city_fatehgarh_sahib             4.798e+07    2.4e+08      0.200      0.842   -4.23e+08    5.19e+08
city_fatehpur                   -9.066e+05   3.48e+06     -0.260      0.795   -7.73e+06    5.92e+06
city_fazilka                     4.798e+07    2.4e+08      0.200      0.842   -4.23e+08    5.19e+08
city_ferozepur                   4.798e+07    2.4e+08      0.200      0.842   -4.23e+08    5.19e+08
city_firozabad                  -9.066e+05   3.48e+06     -0.260      0.795   -7.73e+06    5.92e+06
city_gadag                      -2.177e+08   3.59e+08     -0.606      0.544   -9.22e+08    4.86e+08
city_gadchiroli                 -5.618e+07   2.19e+08     -0.256      0.798   -4.86e+08    3.74e+08
city_gandhinagar                 1.869e+08    2.7e+08      0.692      0.489   -3.42e+08    7.16e+08
city_garhwa                      8.992e+08   4.55e+08      1.975      0.048    6.86e+06    1.79e+09
city_gautam_buddh_nagar         -9.066e+05   3.48e+06     -0.260      0.795   -7.73e+06    5.92e+06
city_gaya                       -5.618e+07   2.19e+08     -0.256      0.798   -4.86e+08    3.74e+08
city_ghaziabad                  -9.066e+05   3.48e+06     -0.260      0.795   -7.73e+06    5.92e+06
city_ghazipur                   -9.066e+05   3.48e+06     -0.260      0.795   -7.73e+06    5.92e+06
city_giridih                     8.992e+08   4.55e+08      1.975      0.048    6.86e+06    1.79e+09
city_godda                       8.992e+08   4.55e+08      1.975      0.048    6.86e+06    1.79e+09
city_gonda                      -9.066e+05   3.48e+06     -0.260      0.795   -7.73e+06    5.92e+06
city_gondia                     -5.618e+07   2.19e+08     -0.256      0.798   -4.86e+08    3.74e+08
city_gopalganj                  -5.618e+07   2.19e+08     -0.256      0.798   -4.86e+08    3.74e+08
city_gorakhpur                  -9.066e+05   3.48e+06     -0.260      0.795   -7.73e+06    5.92e+06
city_gulbarga                   -2.177e+08   3.59e+08     -0.606      0.544   -9.22e+08    4.86e+08
city_gumla                       8.992e+08   4.55e+08      1.975      0.048    6.86e+06    1.79e+09
city_gurdaspur                   4.798e+07    2.4e+08      0.200      0.842   -4.23e+08    5.19e+08
city_hamirpur                   -3.262e+08   5.95e+08     -0.548      0.583   -1.49e+09     8.4e+08
city_hanumangarh                 3.774e+08   2.26e+08      1.672      0.094   -6.49e+07     8.2e+08
city_hassan                     -2.177e+08   3.59e+08     -0.606      0.544   -9.22e+08    4.86e+08
city_hathras                    -9.066e+05   3.48e+06     -0.260      0.795   -7.73e+06    5.92e+06
city_haveri                     -2.177e+08   3.59e+08     -0.606      0.544   -9.22e+08    4.86e+08
city_hazaribagh                  8.992e+08   4.55e+08      1.975      0.048    6.86e+06    1.79e+09
city_hingoli                    -5.618e+07   2.19e+08     -0.256      0.798   -4.86e+08    3.74e+08
city_hisar                       6.004e+08   2.43e+08      2.473      0.013    1.24e+08    1.08e+09
city_hoshiarpur                  4.798e+07    2.4e+08      0.200      0.842   -4.23e+08    5.19e+08
city_howrah                      7.988e+08   4.17e+09      0.192      0.848   -7.37e+09    8.97e+09
city_hyderabad                      0.0051      0.013      0.405      0.686      -0.020       0.030
city_jaipur                      3.774e+08   2.26e+08      1.672      0.094   -6.49e+07     8.2e+08
city_jaisalmer                   3.774e+08   2.26e+08      1.672      0.094   -6.49e+07     8.2e+08
city_jalandhar                   4.798e+07    2.4e+08      0.200      0.842   -4.23e+08    5.19e+08
city_jalaun                     -9.066e+05   3.48e+06     -0.260      0.795   -7.73e+06    5.92e+06
city_jalgaon                    -5.618e+07   2.19e+08     -0.256      0.798   -4.86e+08    3.74e+08
city_jalna                      -5.618e+07   2.19e+08     -0.256      0.798   -4.86e+08    3.74e+08
city_jalpaiguri                  7.988e+08   4.17e+09      0.192      0.848   -7.37e+09    8.97e+09
city_jamnagar                    1.869e+08    2.7e+08      0.692      0.489   -3.42e+08    7.16e+08
city_jamtara                     8.992e+08   4.55e+08      1.975      0.048    6.86e+06    1.79e+09
city_jamui                      -5.618e+07   2.19e+08     -0.256      0.798   -4.86e+08    3.74e+08
city_jashpur                     8.992e+08   4.55e+08      1.975      0.048    6.86e+06    1.79e+09
city_jaunpur                    -9.066e+05   3.48e+06     -0.260      0.795   -7.73e+06    5.92e+06
city_jehanabad                  -5.618e+07   2.19e+08     -0.256      0.798   -4.86e+08    3.74e+08
city_jhajjar                     6.004e+08   2.43e+08      2.473      0.013    1.24e+08    1.08e+09
city_jhalawar                    3.774e+08   2.26e+08      1.672      0.094   -6.49e+07     8.2e+08
city_jhansi                     -9.066e+05   3.48e+06     -0.260      0.795   -7.73e+06    5.92e+06
city_jhunjhunu                   3.774e+08   2.26e+08      1.672      0.094   -6.49e+07     8.2e+08
city_jind                        6.004e+08   2.43e+08      2.473      0.013    1.24e+08    1.08e+09
city_junagadh                    1.869e+08    2.7e+08      0.692      0.489   -3.42e+08    7.16e+08
city_kaimur                     -5.618e+07   2.19e+08     -0.256      0.798   -4.86e+08    3.74e+08
city_kaithal                     6.004e+08   2.43e+08      2.473      0.013    1.24e+08    1.08e+09
city_kanchipuram                  -8.2e+08   1.18e+09     -0.695      0.487   -3.13e+09    1.49e+09
city_kangra                     -3.262e+08   5.95e+08     -0.548      0.583   -1.49e+09     8.4e+08
city_kanker                      8.992e+08   4.55e+08      1.975      0.048    6.86e+06    1.79e+09
city_kannauj                    -9.066e+05   3.48e+06     -0.260      0.795   -7.73e+06    5.92e+06
city_kannur                     -2.218e+09   1.13e+09     -1.970      0.049   -4.42e+09   -1.09e+07
city_kanpur_dehat               -9.066e+05   3.48e+06     -0.260      0.795   -7.73e+06    5.92e+06
city_kanpur_nagar               -9.066e+05   3.48e+06     -0.260      0.795   -7.73e+06    5.92e+06
city_kanyakumari                  -8.2e+08   1.18e+09     -0.695      0.487   -3.13e+09    1.49e+09
city_kapurthala                  4.798e+07    2.4e+08      0.200      0.842   -4.23e+08    5.19e+08
city_karauli                     3.774e+08   2.26e+08      1.672      0.094   -6.49e+07     8.2e+08
city_karimnagar                    -0.0073      0.015     -0.474      0.635      -0.038       0.023
city_karnal                      6.004e+08   2.43e+08      2.473      0.013    1.24e+08    1.08e+09
city_karur                        -8.2e+08   1.18e+09     -0.695      0.487   -3.13e+09    1.49e+09
city_kasaragod                  -2.218e+09   1.13e+09     -1.970      0.049   -4.42e+09   -1.09e+07
city_katihar                    -5.618e+07   2.19e+08     -0.256      0.798   -4.86e+08    3.74e+08
city_kaushambi                  -9.066e+05   3.48e+06     -0.260      0.795   -7.73e+06    5.92e+06
city_kawardha                    8.992e+08   4.55e+08      1.975      0.048    6.86e+06    1.79e+09
city_khagaria                   -5.618e+07   2.19e+08     -0.256      0.798   -4.86e+08    3.74e+08
city_khammam                        0.0143      0.018      0.782      0.434      -0.022       0.050
city_kheda                       1.869e+08    2.7e+08      0.692      0.489   -3.42e+08    7.16e+08
city_khunti                      8.992e+08   4.55e+08      1.975      0.048    6.86e+06    1.79e+09
city_kishanganj                 -5.618e+07   2.19e+08     -0.256      0.798   -4.86e+08    3.74e+08
city_kodagu                     -2.177e+08   3.59e+08     -0.606      0.544   -9.22e+08    4.86e+08
city_koderma                     8.992e+08   4.55e+08      1.975      0.048    6.86e+06    1.79e+09
city_kolar                      -2.177e+08   3.59e+08     -0.606      0.544   -9.22e+08    4.86e+08
city_kolhapur                   -5.618e+07   2.19e+08     -0.256      0.798   -4.86e+08    3.74e+08
city_kollam                     -2.218e+09   1.13e+09     -1.970      0.049   -4.42e+09   -1.09e+07
city_koppal                     -2.177e+08   3.59e+08     -0.606      0.544   -9.22e+08    4.86e+08
city_korba                       8.992e+08   4.55e+08      1.975      0.048    6.86e+06    1.79e+09
city_koriya                      8.992e+08   4.55e+08      1.975      0.048    6.86e+06    1.79e+09
city_kottayam                   -2.218e+09   1.13e+09     -1.970      0.049   -4.42e+09   -1.09e+07
city_kozhikode                  -2.218e+09   1.13e+09     -1.970      0.049   -4.42e+09   -1.09e+07
city_krishnagiri                  -8.2e+08   1.18e+09     -0.695      0.487   -3.13e+09    1.49e+09
city_kullu                      -3.262e+08   5.95e+08     -0.548      0.583   -1.49e+09     8.4e+08
city_kurukshetra                 6.004e+08   2.43e+08      2.473      0.013    1.24e+08    1.08e+09
city_kutch                       1.869e+08    2.7e+08      0.692      0.489   -3.42e+08    7.16e+08
city_lakhimpur_kheri            -9.066e+05   3.48e+06     -0.260      0.795   -7.73e+06    5.92e+06
city_lakhisarai                 -5.618e+07   2.19e+08     -0.256      0.798   -4.86e+08    3.74e+08
city_lalitpur                   -9.066e+05   3.48e+06     -0.260      0.795   -7.73e+06    5.92e+06
city_latehar                     8.992e+08   4.55e+08      1.975      0.048    6.86e+06    1.79e+09
city_latur                      -5.618e+07   2.19e+08     -0.256      0.798   -4.86e+08    3.74e+08
city_lohardaga                   8.992e+08   4.55e+08      1.975      0.048    6.86e+06    1.79e+09
city_lucknow                    -9.066e+05   3.48e+06     -0.260      0.795   -7.73e+06    5.92e+06
city_ludhiana                    4.798e+07    2.4e+08      0.200      0.842   -4.23e+08    5.19e+08
city_madhepura                  -5.618e+07   2.19e+08     -0.256      0.798   -4.86e+08    3.74e+08
city_madhubani                  -5.618e+07   2.19e+08     -0.256      0.798   -4.86e+08    3.74e+08
city_madurai                      -8.2e+08   1.18e+09     -0.695      0.487   -3.13e+09    1.49e+09
city_mahabubnagar                   0.0079      0.015      0.509      0.611      -0.022       0.038
city_maharajganj                -9.066e+05   3.48e+06     -0.260      0.795   -7.73e+06    5.92e+06
city_mahasamund                  8.992e+08   4.55e+08      1.975      0.048    6.86e+06    1.79e+09
city_mahendragarh                6.004e+08   2.43e+08      2.473      0.013    1.24e+08    1.08e+09
city_mahisagar                   1.869e+08    2.7e+08      0.692      0.489   -3.42e+08    7.16e+08
city_mahoba                     -9.066e+05   3.48e+06     -0.260      0.795   -7.73e+06    5.92e+06
city_mainpuri                   -9.066e+05   3.48e+06     -0.260      0.795   -7.73e+06    5.92e+06
city_malappuram                 -2.218e+09   1.13e+09     -1.970      0.049   -4.42e+09   -1.09e+07
city_malda                       7.988e+08   4.17e+09      0.192      0.848   -7.37e+09    8.97e+09
city_mandi                      -3.262e+08   5.95e+08     -0.548      0.583   -1.49e+09     8.4e+08
city_mandya                     -2.177e+08   3.59e+08     -0.606      0.544   -9.22e+08    4.86e+08
city_mansa                       4.798e+07    2.4e+08      0.200      0.842   -4.23e+08    5.19e+08
city_mau                        -9.066e+05   3.48e+06     -0.260      0.795   -7.73e+06    5.92e+06
city_medak                          0.0003      0.015      0.022      0.982      -0.029       0.030
city_meerut                     -9.066e+05   3.48e+06     -0.260      0.795   -7.73e+06    5.92e+06
city_mehsana                     1.869e+08    2.7e+08      0.692      0.489   -3.42e+08    7.16e+08
city_mewat                       6.004e+08   2.43e+08      2.473      0.013    1.24e+08    1.08e+09
city_mirzapur                   -9.066e+05   3.48e+06     -0.260      0.795   -7.73e+06    5.92e+06
city_moga                        4.798e+07    2.4e+08      0.200      0.842   -4.23e+08    5.19e+08
city_moradabad                  -9.066e+05   3.48e+06     -0.260      0.795   -7.73e+06    5.92e+06
city_mumbai_suburban            -5.618e+07   2.19e+08     -0.256      0.798   -4.86e+08    3.74e+08
city_munger                     -5.618e+07   2.19e+08     -0.256      0.798   -4.86e+08    3.74e+08
city_murshidabad                 7.988e+08   4.17e+09      0.192      0.848   -7.37e+09    8.97e+09
city_muzaffarnagar              -9.066e+05   3.48e+06     -0.260      0.795   -7.73e+06    5.92e+06
city_muzaffarpur                -5.618e+07   2.19e+08     -0.256      0.798   -4.86e+08    3.74e+08
city_nadia                       7.988e+08   4.17e+09      0.192      0.848   -7.37e+09    8.97e+09
city_nagapattinam                 -8.2e+08   1.18e+09     -0.695      0.487   -3.13e+09    1.49e+09
city_nagaur                      3.774e+08   2.26e+08      1.672      0.094   -6.49e+07     8.2e+08
city_nagpur                     -5.618e+07   2.19e+08     -0.256      0.798   -4.86e+08    3.74e+08
city_nalanda                    -5.618e+07   2.19e+08     -0.256      0.798   -4.86e+08    3.74e+08
city_nalgonda                      -0.0105      0.017     -0.636      0.525      -0.043       0.022
city_namakkal                     -8.2e+08   1.18e+09     -0.695      0.487   -3.13e+09    1.49e+09
city_nanded                     -5.618e+07   2.19e+08     -0.256      0.798   -4.86e+08    3.74e+08
city_nandurbar                  -5.618e+07   2.19e+08     -0.256      0.798   -4.86e+08    3.74e+08
city_narmada                     1.869e+08    2.7e+08      0.692      0.489   -3.42e+08    7.16e+08
city_nashik                     -5.618e+07   2.19e+08     -0.256      0.798   -4.86e+08    3.74e+08
city_navsari                     1.869e+08    2.7e+08      0.692      0.489   -3.42e+08    7.16e+08
city_nawada                     -5.618e+07   2.19e+08     -0.256      0.798   -4.86e+08    3.74e+08
city_north_24_parganas           7.988e+08   4.17e+09      0.192      0.848   -7.37e+09    8.97e+09
city_north_delhi                 8.765e+06   4.38e+08      0.020      0.984    -8.5e+08    8.67e+08
city_north_goa                   1.826e+09   3.91e+09      0.467      0.641   -5.84e+09    9.49e+09
city_north_west_delhi            8.765e+06   4.38e+08      0.020      0.984    -8.5e+08    8.67e+08
city_osmanabad                  -5.618e+07   2.19e+08     -0.256      0.798   -4.86e+08    3.74e+08
city_palakkad                   -2.218e+09   1.13e+09     -1.970      0.049   -4.42e+09   -1.09e+07
city_palamu                      8.992e+08   4.55e+08      1.975      0.048    6.86e+06    1.79e+09
city_pali                        3.774e+08   2.26e+08      1.672      0.094   -6.49e+07     8.2e+08
city_palwal                      6.004e+08   2.43e+08      2.473      0.013    1.24e+08    1.08e+09
city_panchkula                   6.004e+08   2.43e+08      2.473      0.013    1.24e+08    1.08e+09
city_panchmahal                  1.869e+08    2.7e+08      0.692      0.489   -3.42e+08    7.16e+08
city_panipat                     6.004e+08   2.43e+08      2.473      0.013    1.24e+08    1.08e+09
city_parbhani                   -5.618e+07   2.19e+08     -0.256      0.798   -4.86e+08    3.74e+08
city_patan                       1.869e+08    2.7e+08      0.692      0.489   -3.42e+08    7.16e+08
city_pathanamthitta             -2.218e+09   1.13e+09     -1.970      0.049   -4.42e+09   -1.09e+07
city_pathankot                   4.798e+07    2.4e+08      0.200      0.842   -4.23e+08    5.19e+08
city_patiala                     4.798e+07    2.4e+08      0.200      0.842   -4.23e+08    5.19e+08
city_patna                      -5.618e+07   2.19e+08     -0.256      0.798   -4.86e+08    3.74e+08
city_pauri_garhwal               -6.94e+09   1.06e+10     -0.652      0.515   -2.78e+10    1.39e+10
city_perambalur                   -8.2e+08   1.18e+09     -0.695      0.487   -3.13e+09    1.49e+09
city_pilibhit                   -9.066e+05   3.48e+06     -0.260      0.795   -7.73e+06    5.92e+06
city_porbandar                   1.869e+08    2.7e+08      0.692      0.489   -3.42e+08    7.16e+08
city_pudukkottai                  -8.2e+08   1.18e+09     -0.695      0.487   -3.13e+09    1.49e+09
city_pune                       -5.618e+07   2.19e+08     -0.256      0.798   -4.86e+08    3.74e+08
city_purnia                     -5.618e+07   2.19e+08     -0.256      0.798   -4.86e+08    3.74e+08
city_purulia                     7.988e+08   4.17e+09      0.192      0.848   -7.37e+09    8.97e+09
city_rae_bareli                 -9.066e+05   3.48e+06     -0.260      0.795   -7.73e+06    5.92e+06
city_raichur                    -2.177e+08   3.59e+08     -0.606      0.544   -9.22e+08    4.86e+08
city_raigad                     -5.618e+07   2.19e+08     -0.256      0.798   -4.86e+08    3.74e+08
city_raigarh                     8.992e+08   4.55e+08      1.975      0.048    6.86e+06    1.79e+09
city_raipur                      8.992e+08   4.55e+08      1.975      0.048    6.86e+06    1.79e+09
city_rajkot                      1.869e+08    2.7e+08      0.692      0.489   -3.42e+08    7.16e+08
city_rajnandgaon                 8.992e+08   4.55e+08      1.975      0.048    6.86e+06    1.79e+09
city_rajsamand                   3.774e+08   2.26e+08      1.672      0.094   -6.49e+07     8.2e+08
city_ramanagara                 -2.177e+08   3.59e+08     -0.606      0.544   -9.22e+08    4.86e+08
city_ramanathapuram               -8.2e+08   1.18e+09     -0.695      0.487   -3.13e+09    1.49e+09
city_ramgarh                     8.992e+08   4.55e+08      1.975      0.048    6.86e+06    1.79e+09
city_ranchi                      8.992e+08   4.55e+08      1.975      0.048    6.86e+06    1.79e+09
city_ranga_reddy                    0.0126      0.012      1.043      0.297      -0.011       0.036
city_ratnagiri                  -5.618e+07   2.19e+08     -0.256      0.798   -4.86e+08    3.74e+08
city_rewari                      6.004e+08   2.43e+08      2.473      0.013    1.24e+08    1.08e+09
city_rohtak                      6.004e+08   2.43e+08      2.473      0.013    1.24e+08    1.08e+09
city_rohtas                     -5.618e+07   2.19e+08     -0.256      0.798   -4.86e+08    3.74e+08
city_rupnagar                    4.798e+07    2.4e+08      0.200      0.842   -4.23e+08    5.19e+08
city_saharanpur                 -9.066e+05   3.48e+06     -0.260      0.795   -7.73e+06    5.92e+06
city_saharsa                    -5.618e+07   2.19e+08     -0.256      0.798   -4.86e+08    3.74e+08
city_sahibganj                   8.992e+08   4.55e+08      1.975      0.048    6.86e+06    1.79e+09
city_sahibzada_ajit_singh_nagar  4.798e+07    2.4e+08      0.200      0.842   -4.23e+08    5.19e+08
city_salem                        -8.2e+08   1.18e+09     -0.695      0.487   -3.13e+09    1.49e+09
city_samastipur                 -5.618e+07   2.19e+08     -0.256      0.798   -4.86e+08    3.74e+08
city_sangli                     -5.618e+07   2.19e+08     -0.256      0.798   -4.86e+08    3.74e+08
city_sangrur                     4.798e+07    2.4e+08      0.200      0.842   -4.23e+08    5.19e+08
city_sant_kabir_nagar           -9.066e+05   3.48e+06     -0.260      0.795   -7.73e+06    5.92e+06
city_sant_ravidas_nagar         -9.066e+05   3.48e+06     -0.260      0.795   -7.73e+06    5.92e+06
city_saran                      -5.618e+07   2.19e+08     -0.256      0.798   -4.86e+08    3.74e+08
city_satara                     -5.618e+07   2.19e+08     -0.256      0.798   -4.86e+08    3.74e+08
city_sawai_madhopur              3.774e+08   2.26e+08      1.672      0.094   -6.49e+07     8.2e+08
city_seraikela_kharsawan         8.992e+08   4.55e+08      1.975      0.048    6.86e+06    1.79e+09
city_shahjahanpur               -9.066e+05   3.48e+06     -0.260      0.795   -7.73e+06    5.92e+06
city_shamli                     -9.066e+05   3.48e+06     -0.260      0.795   -7.73e+06    5.92e+06
city_sheikhpura                 -5.618e+07   2.19e+08     -0.256      0.798   -4.86e+08    3.74e+08
city_sheohar                    -5.618e+07   2.19e+08     -0.256      0.798   -4.86e+08    3.74e+08
city_shimla                     -3.262e+08   5.95e+08     -0.548      0.583   -1.49e+09     8.4e+08
city_shimoga                    -2.177e+08   3.59e+08     -0.606      0.544   -9.22e+08    4.86e+08
city_shrawasti                  -9.066e+05   3.48e+06     -0.260      0.795   -7.73e+06    5.92e+06
city_siddharthnagar             -9.066e+05   3.48e+06     -0.260      0.795   -7.73e+06    5.92e+06
city_sikar                       3.774e+08   2.26e+08      1.672      0.094   -6.49e+07     8.2e+08
city_simdega                     8.992e+08   4.55e+08      1.975      0.048    6.86e+06    1.79e+09
city_sindhudurg                 -5.618e+07   2.19e+08     -0.256      0.798   -4.86e+08    3.74e+08
city_sirmaur                    -3.262e+08   5.95e+08     -0.548      0.583   -1.49e+09     8.4e+08
city_sirohi                      3.774e+08   2.26e+08      1.672      0.094   -6.49e+07     8.2e+08
city_sirsa                       6.004e+08   2.43e+08      2.473      0.013    1.24e+08    1.08e+09
city_sitamarhi                  -5.618e+07   2.19e+08     -0.256      0.798   -4.86e+08    3.74e+08
city_sitapur                    -9.066e+05   3.48e+06     -0.260      0.795   -7.73e+06    5.92e+06
city_sivaganga                    -8.2e+08   1.18e+09     -0.695      0.487   -3.13e+09    1.49e+09
city_siwan                      -5.618e+07   2.19e+08     -0.256      0.798   -4.86e+08    3.74e+08
city_solan                      -3.262e+08   5.95e+08     -0.548      0.583   -1.49e+09     8.4e+08
city_solapur                    -5.618e+07   2.19e+08     -0.256      0.798   -4.86e+08    3.74e+08
city_sonbhadra                  -9.066e+05   3.48e+06     -0.260      0.795   -7.73e+06    5.92e+06
city_sonepat                     6.004e+08   2.43e+08      2.473      0.013    1.24e+08    1.08e+09
city_south_delhi                 8.765e+06   4.38e+08      0.020      0.984    -8.5e+08    8.67e+08
city_south_east_delhi            8.765e+06   4.38e+08      0.020      0.984    -8.5e+08    8.67e+08
city_south_goa                   1.826e+09   3.91e+09      0.467      0.641   -5.84e+09    9.49e+09
city_sri_ganganagar              3.774e+08   2.26e+08      1.672      0.094   -6.49e+07     8.2e+08
city_sri_muktsar_sahib           4.798e+07    2.4e+08      0.200      0.842   -4.23e+08    5.19e+08
city_sultanpur                  -9.066e+05   3.48e+06     -0.260      0.795   -7.73e+06    5.92e+06
city_supaul                     -5.618e+07   2.19e+08     -0.256      0.798   -4.86e+08    3.74e+08
city_surajpur                    8.992e+08   4.55e+08      1.975      0.048    6.86e+06    1.79e+09
city_surat                       1.869e+08    2.7e+08      0.692      0.489   -3.42e+08    7.16e+08
city_surendranagar               1.869e+08    2.7e+08      0.692      0.489   -3.42e+08    7.16e+08
city_surguja                     8.992e+08   4.55e+08      1.975      0.048    6.86e+06    1.79e+09
city_tarn_taran                  4.798e+07    2.4e+08      0.200      0.842   -4.23e+08    5.19e+08
city_thane                      -5.618e+07   2.19e+08     -0.256      0.798   -4.86e+08    3.74e+08
city_thanjavur                    -8.2e+08   1.18e+09     -0.695      0.487   -3.13e+09    1.49e+09
city_theni                        -8.2e+08   1.18e+09     -0.695      0.487   -3.13e+09    1.49e+09
city_thiruvananthapuram         -2.218e+09   1.13e+09     -1.970      0.049   -4.42e+09   -1.09e+07
city_thiruvarur                   -8.2e+08   1.18e+09     -0.695      0.487   -3.13e+09    1.49e+09
city_thoothukudi                  -8.2e+08   1.18e+09     -0.695      0.487   -3.13e+09    1.49e+09
city_thrissur                   -2.218e+09   1.13e+09     -1.970      0.049   -4.42e+09   -1.09e+07
city_tiruchirappalli              -8.2e+08   1.18e+09     -0.695      0.487   -3.13e+09    1.49e+09
city_tirunelveli                  -8.2e+08   1.18e+09     -0.695      0.487   -3.13e+09    1.49e+09
city_tiruppur                     -8.2e+08   1.18e+09     -0.695      0.487   -3.13e+09    1.49e+09
city_tiruvannamalai               -8.2e+08   1.18e+09     -0.695      0.487   -3.13e+09    1.49e+09
city_tonk                        3.774e+08   2.26e+08      1.672      0.094   -6.49e+07     8.2e+08
city_tumkur                     -2.177e+08   3.59e+08     -0.606      0.544   -9.22e+08    4.86e+08
city_udaipur                     3.774e+08   2.26e+08      1.672      0.094   -6.49e+07     8.2e+08
city_udupi                      -2.177e+08   3.59e+08     -0.606      0.544   -9.22e+08    4.86e+08
city_una                        -3.262e+08   5.95e+08     -0.548      0.583   -1.49e+09     8.4e+08
city_unnao                      -9.066e+05   3.48e+06     -0.260      0.795   -7.73e+06    5.92e+06
city_uttar_dinajpur              7.988e+08   4.17e+09      0.192      0.848   -7.37e+09    8.97e+09
city_uttara_kannada             -2.177e+08   3.59e+08     -0.606      0.544   -9.22e+08    4.86e+08
city_vadodara                    1.869e+08    2.7e+08      0.692      0.489   -3.42e+08    7.16e+08
city_vaishali                   -5.618e+07   2.19e+08     -0.256      0.798   -4.86e+08    3.74e+08
city_valsad                      1.869e+08    2.7e+08      0.692      0.489   -3.42e+08    7.16e+08
city_varanasi                   -9.066e+05   3.48e+06     -0.260      0.795   -7.73e+06    5.92e+06
city_vellore                      -8.2e+08   1.18e+09     -0.695      0.487   -3.13e+09    1.49e+09
city_villupuram                   -8.2e+08   1.18e+09     -0.695      0.487   -3.13e+09    1.49e+09
city_virudhunagar                 -8.2e+08   1.18e+09     -0.695      0.487   -3.13e+09    1.49e+09
city_wardha                     -5.618e+07   2.19e+08     -0.256      0.798   -4.86e+08    3.74e+08
city_washim                     -5.618e+07   2.19e+08     -0.256      0.798   -4.86e+08    3.74e+08
city_wayanad                    -2.218e+09   1.13e+09     -1.970      0.049   -4.42e+09   -1.09e+07
city_west_medinipur              7.988e+08   4.17e+09      0.192      0.848   -7.37e+09    8.97e+09
city_west_singhbhum              8.992e+08   4.55e+08      1.975      0.048    6.86e+06    1.79e+09
city_yadgir                     -2.177e+08   3.59e+08     -0.606      0.544   -9.22e+08    4.86e+08
city_yamuna_nagar                6.004e+08   2.43e+08      2.473      0.013    1.24e+08    1.08e+09
city_yavatmal                   -5.618e+07   2.19e+08     -0.256      0.798   -4.86e+08    3.74e+08
state_chhattisgarh              -9.553e+08   5.05e+08     -1.890      0.059   -1.95e+09    3.51e+07
state_delhi                     -6.494e+07    4.9e+08     -0.133      0.895   -1.03e+09    8.95e+08
state_goa                       -1.882e+09   3.92e+09     -0.481      0.631   -9.56e+09    5.79e+09
state_gujarat                   -2.431e+08   3.48e+08     -0.699      0.485   -9.25e+08    4.39e+08
state_haryana                   -6.566e+08   3.27e+08     -2.006      0.045    -1.3e+09   -1.52e+07
state_himachal_pradesh             2.7e+08   6.32e+08      0.427      0.669    -9.7e+08    1.51e+09
state_jharkhand                 -9.553e+08   5.05e+08     -1.890      0.059   -1.95e+09    3.51e+07
state_karnataka                  1.615e+08   4.21e+08      0.384      0.701   -6.63e+08    9.86e+08
state_kerala                     2.161e+09   1.15e+09      1.884      0.060   -8.67e+07    4.41e+09
state_maharashtra                  -0.0051      0.009     -0.552      0.581      -0.023       0.013
state_punjab                    -1.042e+08   3.25e+08     -0.320      0.749   -7.42e+08    5.33e+08
state_rajasthan                 -4.336e+08   3.15e+08     -1.378      0.168   -1.05e+09    1.83e+08
state_tamil_nadu                 7.638e+08    1.2e+09      0.637      0.524   -1.59e+09    3.12e+09
state_telangana                 -5.618e+07   2.19e+08     -0.256      0.798   -4.86e+08    3.74e+08
state_uttar_pradesh             -5.527e+07   2.16e+08     -0.256      0.798   -4.78e+08    3.68e+08
state_uttarakhand                6.884e+09   1.07e+10      0.646      0.518    -1.4e+10    2.78e+10
state_west_bengal                -8.55e+08   4.17e+09     -0.205      0.838   -9.04e+09    7.33e+09
gender_M                        -7.435e-06      0.001     -0.008      0.993      -0.002       0.002
==============================================================================
Omnibus:                  5279420.243   Durbin-Watson:                   1.215
Prob(Omnibus):                  0.000   Jarque-Bera (JB):           226344.561
Skew:                          -0.420   Prob(JB):                         0.00
Kurtosis:                       1.186   Cond. No.                     1.24e+15
==============================================================================

Notes:
[1] Standard Errors assume that the covariance matrix of the errors is correctly specified.
[2] The smallest eigenvalue is 1.42e-24. This might indicate that there are
strong multicollinearity problems or that the design matrix is singular.